30
3
89 97 2 55 73 69 14 105 119 108 77 140 87 71 114 1 4 11 62 29 96 21 60 117 37 89 97 2 55 73 
12 12 12 
22 22 44 
12 12 24 
36 36 72 
18 18 36 
26 26 52 
16 16 32 
22 22 44 
18 18 36 
44 44 88 
26 26 52 
48 48 96 
30 30 60 
48 48 96 
16 16 32 
18 18 36 
18 18 36 
14 14 28 
14 14 28 
20 20 40 
42 42 84 
14 14 28 
20 20 40 
99999 21 14 
99999 24 16 
99999 36 24 
22 22 44 
12 12 24 
36 36 72 
18 18 36 
26 26 52 
600 600 600 
600 600 600 600 600 600 600 600 600 600 600 600 600 600 600 600 600 600 600 600 600 600 600 600 600 600 600 600 600 600 