30
3
37 81 55 50 30 19 136 107 53 15 42 105 108 142 102 21 48 28 56 131 38 96 125 113 120 37 81 55 50 30 
25 25 25 
14 14 28 
12 12 24 
18 18 36 
20 20 40 
18 18 36 
40 40 80 
28 28 56 
14 14 28 
42 42 84 
30 30 60 
14 14 28 
20 20 40 
16 16 32 
18 18 36 
32 32 64 
16 16 32 
18 18 36 
20 20 40 
40 40 80 
32 32 64 
22 22 44 
32 32 64 
99999 27 18 
99999 36 24 
99999 24 16 
14 14 28 
12 12 24 
18 18 36 
20 20 40 
18 18 36 
600 600 600 
600 600 600 600 600 600 600 600 600 600 600 600 600 600 600 600 600 600 600 600 600 600 600 600 600 600 600 600 600 600 