30
3
8 22 20 36 43 21 54 139 9 22 39 63 105 57 131 25 123 89 113 51 20 19 121 17 136 8 22 20 36 43 
18 18 18 
12 12 24 
20 20 40 
14 14 28 
32 32 64 
18 18 36 
8 8 16 
24 24 48 
26 26 52 
32 32 64 
24 24 48 
14 14 28 
22 22 44 
18 18 36 
26 26 52 
18 18 36 
22 22 44 
18 18 36 
14 14 28 
30 30 60 
26 26 52 
16 16 32 
30 30 60 
99999 18 12 
99999 27 18 
99999 21 14 
12 12 24 
20 20 40 
14 14 28 
32 32 64 
18 18 36 
600 600 600 
600 600 600 600 600 600 600 600 600 600 600 600 600 600 600 600 600 600 600 600 600 600 600 600 600 600 600 600 600 600 