30
3
14 120 56 96 63 101 123 117 35 127 65 66 93 114 71 57 140 85 31 36 119 69 81 35 118 14 120 56 96 63 
24 24 24 
12 12 24 
14 14 28 
24 24 48 
22 22 44 
22 22 44 
20 20 40 
16 16 32 
20 20 40 
22 22 44 
10 10 20 
12 12 24 
26 26 52 
12 12 24 
12 12 24 
18 18 36 
12 12 24 
38 38 76 
20 20 40 
14 14 28 
20 20 40 
22 22 44 
24 24 48 
99999 21 14 
99999 24 16 
99999 30 20 
12 12 24 
14 14 28 
24 24 48 
22 22 44 
22 22 44 
600 600 600 
600 600 600 600 600 600 600 600 600 600 600 600 600 600 600 600 600 600 600 600 600 600 600 600 600 600 600 600 600 600 