30
3
31 126 19 134 124 53 44 49 111 12 140 77 57 143 36 10 46 73 72 136 127 73 104 91 63 31 126 19 134 124 
20 20 20 
14 14 28 
18 18 36 
42 42 84 
30 30 60 
14 14 28 
6 6 12 
12 12 24 
40 40 80 
30 30 60 
14 14 28 
22 22 44 
14 14 28 
18 18 36 
14 14 28 
18 18 36 
24 24 48 
16 16 32 
16 16 32 
22 22 44 
38 38 76 
18 18 36 
14 14 28 
99999 21 14 
99999 21 14 
99999 39 26 
14 14 28 
18 18 36 
42 42 84 
30 30 60 
14 14 28 
600 600 600 
600 600 600 600 600 600 600 600 600 600 600 600 600 600 600 600 600 600 600 600 600 600 600 600 600 600 600 600 600 600 