30
3
77 45 74 78 33 53 19 6 68 41 27 133 111 100 89 81 115 19 82 58 43 67 141 79 74 77 45 74 78 33 
16 16 16 
22 22 44 
24 24 48 
6 6 12 
46 46 92 
16 16 32 
16 16 32 
18 18 36 
30 30 60 
20 20 40 
46 46 92 
16 16 32 
20 20 40 
20 20 40 
20 20 40 
18 18 36 
18 18 36 
14 14 28 
22 22 44 
22 22 44 
16 16 32 
24 24 48 
36 36 72 
99999 18 12 
99999 30 20 
99999 36 24 
22 22 44 
24 24 48 
6 6 12 
46 46 92 
16 16 32 
600 600 600 
600 600 600 600 600 600 600 600 600 600 600 600 600 600 600 600 600 600 600 600 600 600 600 600 600 600 600 600 600 600 