30
3
94 51 37 115 93 5 84 83 1 70 102 87 95 28 86 20 9 72 103 52 120 21 141 77 83 94 51 37 115 93 
12 12 12 
24 24 48 
30 30 60 
16 16 32 
14 14 28 
42 42 84 
28 28 56 
14 14 28 
14 14 28 
24 24 48 
14 14 28 
30 30 60 
44 44 88 
20 20 40 
36 36 72 
18 18 36 
14 14 28 
14 14 28 
10 10 20 
32 32 64 
12 12 24 
16 16 32 
20 20 40 
99999 21 14 
99999 39 26 
99999 21 14 
24 24 48 
30 30 60 
16 16 32 
14 14 28 
42 42 84 
600 600 600 
600 600 600 600 600 600 600 600 600 600 600 600 600 600 600 600 600 600 600 600 600 600 600 600 600 600 600 600 600 600 