30
3
20 74 91 13 83 37 49 94 60 89 90 70 81 28 12 89 12 81 93 21 73 118 40 54 100 20 74 91 13 83 
20 20 20 
14 14 28 
44 44 88 
12 12 24 
16 16 32 
32 32 64 
6 6 12 
36 36 72 
16 16 32 
16 16 32 
18 18 36 
38 38 76 
36 36 72 
34 34 68 
18 18 36 
18 18 36 
24 24 48 
18 18 36 
28 28 56 
26 26 52 
16 16 32 
34 34 68 
20 20 40 
99999 21 14 
99999 24 16 
99999 18 12 
14 14 28 
44 44 88 
12 12 24 
16 16 32 
32 32 64 
600 600 600 
600 600 600 600 600 600 600 600 600 600 600 600 600 600 600 600 600 600 600 600 600 600 600 600 600 600 600 600 600 600 