40
7
58 1 39 23 44 118 126 4 17 140 33 127 139 18 27 135 67 10 35 77 32 97 134 68 104 58 1 39 23 44 118 126 4 17 140 33 127 139 18 27 
12 12 12 12 12 12 12 
24 24 48 48 48 48 48 
20 20 40 40 40 40 40 
18 18 36 36 36 36 36 
30 30 60 60 60 60 60 
16 16 32 32 32 32 32 
10 10 20 20 20 20 20 
14 14 28 28 28 28 28 
20 20 40 40 40 40 40 
26 26 52 52 52 52 52 
24 24 48 48 48 48 48 
24 24 48 48 48 48 48 
18 18 36 36 36 36 36 
6 6 12 12 12 12 12 
18 18 36 36 36 36 36 
16 16 32 32 32 32 32 
20 20 40 40 40 40 40 
30 30 60 60 60 60 60 
14 14 28 28 28 28 28 
24 24 48 48 48 48 48 
34 34 68 68 68 68 68 
10 10 20 20 20 20 20 
36 36 72 72 72 72 72 
99999 36 24 24 36 48 60 
99999 21 14 14 21 28 35 
99999 39 26 26 39 52 65 
24 24 48 48 48 48 48 
20 20 40 40 40 40 40 
18 18 36 36 36 36 36 
30 30 60 60 60 60 60 
16 16 32 32 32 32 32 
10 10 20 20 20 20 20 
14 14 28 28 28 28 28 
20 20 40 40 40 40 40 
26 26 52 52 52 52 52 
24 24 48 48 48 48 48 
24 24 48 48 48 48 48 
18 18 36 36 36 36 36 
6 6 12 12 12 12 12 
18 18 36 36 36 36 36 
16 16 32 32 32 32 32 
600 600 600 600 600 600 600 
600 600 600 600 600 600 600 600 600 600 600 600 600 600 600 600 600 600 600 600 600 600 600 600 600 600 600 600 600 600 600 600 600 600 600 600 600 600 600 600 600 600 600 600 600 600 600 600 600 600 600 600 600 600 600 600 600 600 600 600 600 600 600 600 600 600 600 600 600 600 