40
5
8 22 20 36 43 21 54 139 9 22 39 63 105 57 131 25 123 89 113 51 20 19 121 17 136 8 22 20 36 43 21 54 139 9 22 39 63 105 57 131 
18 18 18 18 18 
12 12 24 24 24 
20 20 40 40 40 
14 14 28 28 28 
32 32 64 64 64 
18 18 36 36 36 
8 8 16 16 16 
24 24 48 48 48 
26 26 52 52 52 
32 32 64 64 64 
24 24 48 48 48 
14 14 28 28 28 
22 22 44 44 44 
18 18 36 36 36 
26 26 52 52 52 
18 18 36 36 36 
22 22 44 44 44 
18 18 36 36 36 
14 14 28 28 28 
30 30 60 60 60 
26 26 52 52 52 
16 16 32 32 32 
30 30 60 60 60 
99999 18 12 12 18 
99999 27 18 18 27 
99999 21 14 14 21 
12 12 24 24 24 
20 20 40 40 40 
14 14 28 28 28 
32 32 64 64 64 
18 18 36 36 36 
8 8 16 16 16 
24 24 48 48 48 
26 26 52 52 52 
32 32 64 64 64 
24 24 48 48 48 
14 14 28 28 28 
22 22 44 44 44 
18 18 36 36 36 
26 26 52 52 52 
18 18 36 36 36 
600 600 600 600 600 
600 600 600 600 600 600 600 600 600 600 600 600 600 600 600 600 600 600 600 600 600 600 600 600 600 600 600 600 600 600 600 600 600 600 600 600 600 600 600 600 