40
7
40 139 76 129 127 22 62 72 85 111 102 116 31 133 63 38 17 22 138 121 24 93 111 12 14 40 139 76 129 127 22 62 72 85 111 102 116 31 133 63 
22 22 22 22 22 22 22 
22 22 44 44 44 44 44 
18 18 36 36 36 36 36 
14 14 28 28 28 28 28 
22 22 44 44 44 44 44 
26 26 52 52 52 52 52 
22 22 44 44 44 44 44 
18 18 36 36 36 36 36 
12 12 24 24 24 24 24 
20 20 40 40 40 40 40 
20 20 40 40 40 40 40 
14 14 28 28 28 28 28 
36 36 72 72 72 72 72 
28 28 56 56 56 56 56 
16 16 32 32 32 32 32 
14 14 28 28 28 28 28 
6 6 12 12 12 12 12 
18 18 36 36 36 36 36 
18 18 36 36 36 36 36 
16 16 32 32 32 32 32 
20 20 40 40 40 40 40 
14 14 28 28 28 28 28 
16 16 32 32 32 32 32 
99999 36 24 24 36 48 60 
99999 24 16 16 24 32 40 
99999 30 20 20 30 40 50 
22 22 44 44 44 44 44 
18 18 36 36 36 36 36 
14 14 28 28 28 28 28 
22 22 44 44 44 44 44 
26 26 52 52 52 52 52 
22 22 44 44 44 44 44 
18 18 36 36 36 36 36 
12 12 24 24 24 24 24 
20 20 40 40 40 40 40 
20 20 40 40 40 40 40 
14 14 28 28 28 28 28 
36 36 72 72 72 72 72 
28 28 56 56 56 56 56 
16 16 32 32 32 32 32 
14 14 28 28 28 28 28 
600 600 600 600 600 600 600 
600 600 600 600 600 600 600 600 600 600 600 600 600 600 600 600 600 600 600 600 600 600 600 600 600 600 600 600 600 600 600 600 600 600 600 600 600 600 600 600 600 600 600 600 600 600 600 600 600 600 600 600 600 600 600 600 600 600 600 600 600 600 600 600 600 600 600 600 600 600 