55
10
46 13 59 109 34 116 88 102 38 105 58 45 78 15 120 135 16 134 69 121 143 102 91 97 105 46 13 59 109 34 116 88 102 38 105 58 45 78 15 120 135 16 134 69 121 143 102 91 97 105 46 13 59 109 34 
23 23 23 23 23 23 23 23 23 23 
30 30 60 60 60 60 60 60 60 60 
22 22 44 44 44 44 44 44 44 44 
26 26 52 52 52 52 52 52 52 52 
18 18 36 36 36 36 36 36 36 36 
14 14 28 28 28 28 28 28 28 28 
18 18 36 36 36 36 36 36 36 36 
12 12 24 24 24 24 24 24 24 24 
38 38 76 76 76 76 76 76 76 76 
40 40 80 80 80 80 80 80 80 80 
20 20 40 40 40 40 40 40 40 40 
8 8 16 16 16 16 16 16 16 16 
32 32 64 64 64 64 64 64 64 64 
44 44 88 88 88 88 88 88 88 88 
16 16 32 32 32 32 32 32 32 32 
18 18 36 36 36 36 36 36 36 36 
22 22 44 44 44 44 44 44 44 44 
8 8 16 16 16 16 16 16 16 16 
42 42 84 84 84 84 84 84 84 84 
18 18 36 36 36 36 36 36 36 36 
18 18 36 36 36 36 36 36 36 36 
20 20 40 40 40 40 40 40 40 40 
16 16 32 32 32 32 32 32 32 32 
99999 24 16 16 24 32 40 99999 99999 99999 
99999 27 18 18 27 36 45 99999 99999 99999 
99999 24 16 16 24 32 40 99999 99999 99999 
30 30 60 60 60 60 60 60 60 60 
22 22 44 44 44 44 44 44 44 44 
26 26 52 52 52 52 52 52 52 52 
18 18 36 36 36 36 36 36 36 36 
14 14 28 28 28 28 28 28 28 28 
18 18 36 36 36 36 36 36 36 36 
12 12 24 24 24 24 24 24 24 24 
38 38 76 76 76 76 76 76 76 76 
40 40 80 80 80 80 80 80 80 80 
20 20 40 40 40 40 40 40 40 40 
8 8 16 16 16 16 16 16 16 16 
32 32 64 64 64 64 64 64 64 64 
44 44 88 88 88 88 88 88 88 88 
16 16 32 32 32 32 32 32 32 32 
18 18 36 36 36 36 36 36 36 36 
22 22 44 44 44 44 44 44 44 44 
8 8 16 16 16 16 16 16 16 16 
42 42 84 84 84 84 84 84 84 84 
18 18 36 36 36 36 36 36 36 36 
18 18 36 36 36 36 36 36 36 36 
20 20 40 40 40 40 40 40 40 40 
16 16 32 32 32 32 32 32 32 32 
99999 24 16 16 24 32 40 99999 99999 99999 
99999 27 18 18 27 36 45 99999 99999 99999 
99999 24 16 16 24 32 40 99999 99999 99999 
30 30 60 60 60 60 60 60 60 60 
22 22 44 44 44 44 44 44 44 44 
26 26 52 52 52 52 52 52 52 52 
18 18 36 36 36 36 36 36 36 36 
14 14 28 28 28 28 28 28 28 28 
600 600 600 600 600 600 600 600 600 600
600 600 600 600 600 600 600 600 600 600 600 600 600 600 600 600 600 600 600 600 600 600 600 600 600 600 600 600 600 600 600 600 600 600 600 600 600 600 600 600 600 600 600 600 600 600 600 600 600 600 600 600 600 600 600 600 600 600 600 600 600 600 600 600 600 600 600 600 600 600 600 600 600 600 600 600 600 600 600 600