55
10
80 23 43 76 46 99 68 105 89 66 39 93 13 2 6 141 51 87 100 73 5 141 64 48 8 80 23 43 76 46 99 68 105 89 66 39 93 13 2 6 141 51 87 100 73 5 141 64 48 8 80 23 43 76 46 
13 13 13 13 13 13 13 13 13 13 
12 12 24 24 24 24 24 24 24 24 
18 18 36 36 36 36 36 36 36 36 
46 46 92 92 92 92 92 92 92 92 
12 12 24 24 24 24 24 24 24 24 
30 30 60 60 60 60 60 60 60 60 
26 26 52 52 52 52 52 52 52 52 
14 14 28 28 28 28 28 28 28 28 
14 14 28 28 28 28 28 28 28 28 
14 14 28 28 28 28 28 28 28 28 
20 20 40 40 40 40 40 40 40 40 
12 12 24 24 24 24 24 24 24 24 
32 32 64 64 64 64 64 64 64 64 
22 22 44 44 44 44 44 44 44 44 
44 44 88 88 88 88 88 88 88 88 
16 16 32 32 32 32 32 32 32 32 
16 16 32 32 32 32 32 32 32 32 
8 8 16 16 16 16 16 16 16 16 
26 26 52 52 52 52 52 52 52 52 
20 20 40 40 40 40 40 40 40 40 
16 16 32 32 32 32 32 32 32 32 
14 14 28 28 28 28 28 28 28 28 
16 16 32 32 32 32 32 32 32 32 
99999 24 16 16 24 32 40 99999 99999 99999 
99999 18 12 12 18 24 30 99999 99999 99999 
99999 21 14 14 21 28 35 99999 99999 99999 
12 12 24 24 24 24 24 24 24 24 
18 18 36 36 36 36 36 36 36 36 
46 46 92 92 92 92 92 92 92 92 
12 12 24 24 24 24 24 24 24 24 
30 30 60 60 60 60 60 60 60 60 
26 26 52 52 52 52 52 52 52 52 
14 14 28 28 28 28 28 28 28 28 
14 14 28 28 28 28 28 28 28 28 
14 14 28 28 28 28 28 28 28 28 
20 20 40 40 40 40 40 40 40 40 
12 12 24 24 24 24 24 24 24 24 
32 32 64 64 64 64 64 64 64 64 
22 22 44 44 44 44 44 44 44 44 
44 44 88 88 88 88 88 88 88 88 
16 16 32 32 32 32 32 32 32 32 
16 16 32 32 32 32 32 32 32 32 
8 8 16 16 16 16 16 16 16 16 
26 26 52 52 52 52 52 52 52 52 
20 20 40 40 40 40 40 40 40 40 
16 16 32 32 32 32 32 32 32 32 
14 14 28 28 28 28 28 28 28 28 
16 16 32 32 32 32 32 32 32 32 
99999 24 16 16 24 32 40 99999 99999 99999 
99999 18 12 12 18 24 30 99999 99999 99999 
99999 21 14 14 21 28 35 99999 99999 99999 
12 12 24 24 24 24 24 24 24 24 
18 18 36 36 36 36 36 36 36 36 
46 46 92 92 92 92 92 92 92 92 
12 12 24 24 24 24 24 24 24 24 
30 30 60 60 60 60 60 60 60 60 
600 600 600 600 600 600 600 600 600 600
600 600 600 600 600 600 600 600 600 600 600 600 600 600 600 600 600 600 600 600 600 600 600 600 600 600 600 600 600 600 600 600 600 600 600 600 600 600 600 600 600 600 600 600 600 600 600 600 600 600 600 600 600 600 600 600 600 600 600 600 600 600 600 600 600 600 600 600 600 600 600 600 600 600 600 600 600 600 600 600