55
7
52 47 3 106 24 38 57 27 135 35 8 123 7 104 87 102 51 14 117 91 78 48 31 49 122 52 47 3 106 24 38 57 27 135 35 8 123 7 104 87 102 51 14 117 91 78 48 31 49 122 52 47 3 106 24 
13 13 13 13 13 13 13 
24 24 48 48 48 48 48 
30 30 60 60 60 60 60 
10 10 20 20 20 20 20 
10 10 20 20 20 20 20 
12 12 24 24 24 24 24 
20 20 40 40 40 40 40 
22 22 44 44 44 44 44 
26 26 52 52 52 52 52 
6 6 12 12 12 12 12 
16 16 32 32 32 32 32 
30 30 60 60 60 60 60 
14 14 28 28 28 28 28 
16 16 32 32 32 32 32 
6 6 12 12 12 12 12 
16 16 32 32 32 32 32 
8 8 16 16 16 16 16 
16 16 32 32 32 32 32 
42 42 84 84 84 84 84 
14 14 28 28 28 28 28 
10 10 20 20 20 20 20 
28 28 56 56 56 56 56 
10 10 20 20 20 20 20 
99999 36 24 24 36 48 60 
99999 21 14 14 21 28 35 
99999 30 20 20 30 40 50 
24 24 48 48 48 48 48 
30 30 60 60 60 60 60 
10 10 20 20 20 20 20 
10 10 20 20 20 20 20 
12 12 24 24 24 24 24 
20 20 40 40 40 40 40 
22 22 44 44 44 44 44 
26 26 52 52 52 52 52 
6 6 12 12 12 12 12 
16 16 32 32 32 32 32 
30 30 60 60 60 60 60 
14 14 28 28 28 28 28 
16 16 32 32 32 32 32 
6 6 12 12 12 12 12 
16 16 32 32 32 32 32 
8 8 16 16 16 16 16 
16 16 32 32 32 32 32 
42 42 84 84 84 84 84 
14 14 28 28 28 28 28 
10 10 20 20 20 20 20 
28 28 56 56 56 56 56 
10 10 20 20 20 20 20 
99999 36 24 24 36 48 60 
99999 21 14 14 21 28 35 
99999 30 20 20 30 40 50 
24 24 48 48 48 48 48 
30 30 60 60 60 60 60 
10 10 20 20 20 20 20 
10 10 20 20 20 20 20 
12 12 24 24 24 24 24 
600 600 600 600 600 600 600 
600 600 600 600 600 600 600 600 600 600 600 600 600 600 600 600 600 600 600 600 600 600 600 600 600 600 600 600 600 600 600 600 600 600 600 600 600 600 600 600 600 600 600 600 600 600 600 600 600 600 600 600 600 600 600 600 600 600 600 600 600 600 600 600 600 600 600 600 600 600