55
10
34 105 131 132 137 100 93 3 131 37 8 37 102 44 96 71 127 141 90 6 89 3 28 60 142 34 105 131 132 137 100 93 3 131 37 8 37 102 44 96 71 127 141 90 6 89 3 28 60 142 34 105 131 132 137 
14 14 14 14 14 14 14 14 14 14 
26 26 52 52 52 52 52 52 52 52 
14 14 28 28 28 28 28 28 28 28 
36 36 72 72 72 72 72 72 72 72 
40 40 80 80 80 80 80 80 80 80 
26 26 52 52 52 52 52 52 52 52 
18 18 36 36 36 36 36 36 36 36 
40 40 80 80 80 80 80 80 80 80 
16 16 32 32 32 32 32 32 32 32 
18 18 36 36 36 36 36 36 36 36 
28 28 56 56 56 56 56 56 56 56 
18 18 36 36 36 36 36 36 36 36 
20 20 40 40 40 40 40 40 40 40 
18 18 36 36 36 36 36 36 36 36 
22 22 44 44 44 44 44 44 44 44 
16 16 32 32 32 32 32 32 32 32 
20 20 40 40 40 40 40 40 40 40 
12 12 24 24 24 24 24 24 24 24 
18 18 36 36 36 36 36 36 36 36 
22 22 44 44 44 44 44 44 44 44 
32 32 64 64 64 64 64 64 64 64 
40 40 80 80 80 80 80 80 80 80 
22 22 44 44 44 44 44 44 44 44 
99999 24 16 16 24 32 40 99999 99999 99999 
99999 30 20 20 30 40 50 99999 99999 99999 
99999 24 16 16 24 32 40 99999 99999 99999 
26 26 52 52 52 52 52 52 52 52 
14 14 28 28 28 28 28 28 28 28 
36 36 72 72 72 72 72 72 72 72 
40 40 80 80 80 80 80 80 80 80 
26 26 52 52 52 52 52 52 52 52 
18 18 36 36 36 36 36 36 36 36 
40 40 80 80 80 80 80 80 80 80 
16 16 32 32 32 32 32 32 32 32 
18 18 36 36 36 36 36 36 36 36 
28 28 56 56 56 56 56 56 56 56 
18 18 36 36 36 36 36 36 36 36 
20 20 40 40 40 40 40 40 40 40 
18 18 36 36 36 36 36 36 36 36 
22 22 44 44 44 44 44 44 44 44 
16 16 32 32 32 32 32 32 32 32 
20 20 40 40 40 40 40 40 40 40 
12 12 24 24 24 24 24 24 24 24 
18 18 36 36 36 36 36 36 36 36 
22 22 44 44 44 44 44 44 44 44 
32 32 64 64 64 64 64 64 64 64 
40 40 80 80 80 80 80 80 80 80 
22 22 44 44 44 44 44 44 44 44 
99999 24 16 16 24 32 40 99999 99999 99999 
99999 30 20 20 30 40 50 99999 99999 99999 
99999 24 16 16 24 32 40 99999 99999 99999 
26 26 52 52 52 52 52 52 52 52 
14 14 28 28 28 28 28 28 28 28 
36 36 72 72 72 72 72 72 72 72 
40 40 80 80 80 80 80 80 80 80 
26 26 52 52 52 52 52 52 52 52 
600 600 600 600 600 600 600 600 600 600
600 600 600 600 600 600 600 600 600 600 600 600 600 600 600 600 600 600 600 600 600 600 600 600 600 600 600 600 600 600 600 600 600 600 600 600 600 600 600 600 600 600 600 600 600 600 600 600 600 600 600 600 600 600 600 600 600 600 600 600 600 600 600 600 600 600 600 600 600 600 600 600 600 600 600 600 600 600 600 600