55
10
103 128 42 30 127 131 58 15 47 57 139 108 108 87 54 126 118 71 59 14 112 51 48 123 79 103 128 42 30 127 131 58 15 47 57 139 108 108 87 54 126 118 71 59 14 112 51 48 123 79 103 128 42 30 127 
24 24 24 24 24 24 24 24 24 24 
14 14 28 28 28 28 28 28 28 28 
16 16 32 32 32 32 32 32 32 32 
24 24 48 48 48 48 48 48 48 48 
10 10 20 20 20 20 20 20 20 20 
22 22 44 44 44 44 44 44 44 44 
24 24 48 48 48 48 48 48 48 48 
22 22 44 44 44 44 44 44 44 44 
18 18 36 36 36 36 36 36 36 36 
12 12 24 24 24 24 24 24 24 24 
12 12 24 24 24 24 24 24 24 24 
18 18 36 36 36 36 36 36 36 36 
18 18 36 36 36 36 36 36 36 36 
22 22 44 44 44 44 44 44 44 44 
18 18 36 36 36 36 36 36 36 36 
16 16 32 32 32 32 32 32 32 32 
16 16 32 32 32 32 32 32 32 32 
34 34 68 68 68 68 68 68 68 68 
30 30 60 60 60 60 60 60 60 60 
16 16 32 32 32 32 32 32 32 32 
18 18 36 36 36 36 36 36 36 36 
16 16 32 32 32 32 32 32 32 32 
24 24 48 48 48 48 48 48 48 48 
99999 24 16 16 24 32 40 99999 99999 99999 
99999 33 22 22 33 44 55 99999 99999 99999 
99999 18 12 12 18 24 30 99999 99999 99999 
14 14 28 28 28 28 28 28 28 28 
16 16 32 32 32 32 32 32 32 32 
24 24 48 48 48 48 48 48 48 48 
10 10 20 20 20 20 20 20 20 20 
22 22 44 44 44 44 44 44 44 44 
24 24 48 48 48 48 48 48 48 48 
22 22 44 44 44 44 44 44 44 44 
18 18 36 36 36 36 36 36 36 36 
12 12 24 24 24 24 24 24 24 24 
12 12 24 24 24 24 24 24 24 24 
18 18 36 36 36 36 36 36 36 36 
18 18 36 36 36 36 36 36 36 36 
22 22 44 44 44 44 44 44 44 44 
18 18 36 36 36 36 36 36 36 36 
16 16 32 32 32 32 32 32 32 32 
16 16 32 32 32 32 32 32 32 32 
34 34 68 68 68 68 68 68 68 68 
30 30 60 60 60 60 60 60 60 60 
16 16 32 32 32 32 32 32 32 32 
18 18 36 36 36 36 36 36 36 36 
16 16 32 32 32 32 32 32 32 32 
24 24 48 48 48 48 48 48 48 48 
99999 24 16 16 24 32 40 99999 99999 99999 
99999 33 22 22 33 44 55 99999 99999 99999 
99999 18 12 12 18 24 30 99999 99999 99999 
14 14 28 28 28 28 28 28 28 28 
16 16 32 32 32 32 32 32 32 32 
24 24 48 48 48 48 48 48 48 48 
10 10 20 20 20 20 20 20 20 20 
22 22 44 44 44 44 44 44 44 44 
600 600 600 600 600 600 600 600 600 600
600 600 600 600 600 600 600 600 600 600 600 600 600 600 600 600 600 600 600 600 600 600 600 600 600 600 600 600 600 600 600 600 600 600 600 600 600 600 600 600 600 600 600 600 600 600 600 600 600 600 600 600 600 600 600 600 600 600 600 600 600 600 600 600 600 600 600 600 600 600 600 600 600 600 600 600 600 600 600 600