55
10
85 121 78 136 66 35 137 83 114 28 64 97 1 59 90 30 68 83 18 58 104 47 24 67 134 85 121 78 136 66 35 137 83 114 28 64 97 1 59 90 30 68 83 18 58 104 47 24 67 134 85 121 78 136 66 
11 11 11 11 11 11 11 11 11 11 
14 14 28 28 28 28 28 28 28 28 
14 14 28 28 28 28 28 28 28 28 
18 18 36 36 36 36 36 36 36 36 
32 32 64 64 64 64 64 64 64 64 
6 6 12 12 12 12 12 12 12 12 
14 14 28 28 28 28 28 28 28 28 
30 30 60 60 60 60 60 60 60 60 
46 46 92 92 92 92 92 92 92 92 
36 36 72 72 72 72 72 72 72 72 
42 42 84 84 84 84 84 84 84 84 
44 44 88 88 88 88 88 88 88 88 
4 4 8 8 8 8 8 8 8 8 
16 16 32 32 32 32 32 32 32 32 
16 16 32 32 32 32 32 32 32 32 
16 16 32 32 32 32 32 32 32 32 
28 28 56 56 56 56 56 56 56 56 
20 20 40 40 40 40 40 40 40 40 
6 6 12 12 12 12 12 12 12 12 
44 44 88 88 88 88 88 88 88 88 
12 12 24 24 24 24 24 24 24 24 
18 18 36 36 36 36 36 36 36 36 
14 14 28 28 28 28 28 28 28 28 
99999 24 16 16 24 32 40 99999 99999 99999 
99999 39 26 26 39 52 65 99999 99999 99999 
99999 30 20 20 30 40 50 99999 99999 99999 
14 14 28 28 28 28 28 28 28 28 
14 14 28 28 28 28 28 28 28 28 
18 18 36 36 36 36 36 36 36 36 
32 32 64 64 64 64 64 64 64 64 
6 6 12 12 12 12 12 12 12 12 
14 14 28 28 28 28 28 28 28 28 
30 30 60 60 60 60 60 60 60 60 
46 46 92 92 92 92 92 92 92 92 
36 36 72 72 72 72 72 72 72 72 
42 42 84 84 84 84 84 84 84 84 
44 44 88 88 88 88 88 88 88 88 
4 4 8 8 8 8 8 8 8 8 
16 16 32 32 32 32 32 32 32 32 
16 16 32 32 32 32 32 32 32 32 
16 16 32 32 32 32 32 32 32 32 
28 28 56 56 56 56 56 56 56 56 
20 20 40 40 40 40 40 40 40 40 
6 6 12 12 12 12 12 12 12 12 
44 44 88 88 88 88 88 88 88 88 
12 12 24 24 24 24 24 24 24 24 
18 18 36 36 36 36 36 36 36 36 
14 14 28 28 28 28 28 28 28 28 
99999 24 16 16 24 32 40 99999 99999 99999 
99999 39 26 26 39 52 65 99999 99999 99999 
99999 30 20 20 30 40 50 99999 99999 99999 
14 14 28 28 28 28 28 28 28 28 
14 14 28 28 28 28 28 28 28 28 
18 18 36 36 36 36 36 36 36 36 
32 32 64 64 64 64 64 64 64 64 
6 6 12 12 12 12 12 12 12 12 
600 600 600 600 600 600 600 600 600 600
600 600 600 600 600 600 600 600 600 600 600 600 600 600 600 600 600 600 600 600 600 600 600 600 600 600 600 600 600 600 600 600 600 600 600 600 600 600 600 600 600 600 600 600 600 600 600 600 600 600 600 600 600 600 600 600 600 600 600 600 600 600 600 600 600 600 600 600 600 600 600 600 600 600 600 600 600 600 600 600