55
10
91 75 114 53 87 115 63 60 140 133 89 100 133 116 30 62 85 79 79 43 59 96 128 86 116 91 75 114 53 87 115 63 60 140 133 89 100 133 116 30 62 85 79 79 43 59 96 128 86 116 91 75 114 53 87 
38 38 38 38 38 38 38 38 38 38 
14 14 28 28 28 28 28 28 28 28 
36 36 72 72 72 72 72 72 72 72 
32 32 64 64 64 64 64 64 64 64 
22 22 44 44 44 44 44 44 44 44 
14 14 28 28 28 28 28 28 28 28 
24 24 48 48 48 48 48 48 48 48 
18 18 36 36 36 36 36 36 36 36 
28 28 56 56 56 56 56 56 56 56 
22 22 44 44 44 44 44 44 44 44 
16 16 32 32 32 32 32 32 32 32 
28 28 56 56 56 56 56 56 56 56 
14 14 28 28 28 28 28 28 28 28 
12 12 24 24 24 24 24 24 24 24 
24 24 48 48 48 48 48 48 48 48 
16 16 32 32 32 32 32 32 32 32 
16 16 32 32 32 32 32 32 32 32 
42 42 84 84 84 84 84 84 84 84 
16 16 32 32 32 32 32 32 32 32 
18 18 36 36 36 36 36 36 36 36 
34 34 68 68 68 68 68 68 68 68 
26 26 52 52 52 52 52 52 52 52 
6 6 12 12 12 12 12 12 12 12 
99999 24 16 16 24 32 40 99999 99999 99999 
99999 36 24 24 36 48 60 99999 99999 99999 
99999 21 14 14 21 28 35 99999 99999 99999 
14 14 28 28 28 28 28 28 28 28 
36 36 72 72 72 72 72 72 72 72 
32 32 64 64 64 64 64 64 64 64 
22 22 44 44 44 44 44 44 44 44 
14 14 28 28 28 28 28 28 28 28 
24 24 48 48 48 48 48 48 48 48 
18 18 36 36 36 36 36 36 36 36 
28 28 56 56 56 56 56 56 56 56 
22 22 44 44 44 44 44 44 44 44 
16 16 32 32 32 32 32 32 32 32 
28 28 56 56 56 56 56 56 56 56 
14 14 28 28 28 28 28 28 28 28 
12 12 24 24 24 24 24 24 24 24 
24 24 48 48 48 48 48 48 48 48 
16 16 32 32 32 32 32 32 32 32 
16 16 32 32 32 32 32 32 32 32 
42 42 84 84 84 84 84 84 84 84 
16 16 32 32 32 32 32 32 32 32 
18 18 36 36 36 36 36 36 36 36 
34 34 68 68 68 68 68 68 68 68 
26 26 52 52 52 52 52 52 52 52 
6 6 12 12 12 12 12 12 12 12 
99999 24 16 16 24 32 40 99999 99999 99999 
99999 36 24 24 36 48 60 99999 99999 99999 
99999 21 14 14 21 28 35 99999 99999 99999 
14 14 28 28 28 28 28 28 28 28 
36 36 72 72 72 72 72 72 72 72 
32 32 64 64 64 64 64 64 64 64 
22 22 44 44 44 44 44 44 44 44 
14 14 28 28 28 28 28 28 28 28 
600 600 600 600 600 600 600 600 600 600
600 600 600 600 600 600 600 600 600 600 600 600 600 600 600 600 600 600 600 600 600 600 600 600 600 600 600 600 600 600 600 600 600 600 600 600 600 600 600 600 600 600 600 600 600 600 600 600 600 600 600 600 600 600 600 600 600 600 600 600 600 600 600 600 600 600 600 600 600 600 600 600 600 600 600 600 600 600 600 600