55
10
109 82 77 90 3 68 127 136 72 18 20 111 96 1 138 15 135 67 121 143 67 100 7 141 61 109 82 77 90 3 68 127 136 72 18 20 111 96 1 138 15 135 67 121 143 67 100 7 141 61 109 82 77 90 3 
12 12 12 12 12 12 12 12 12 12 
16 16 32 32 32 32 32 32 32 32 
10 10 20 20 20 20 20 20 20 20 
12 12 24 24 24 24 24 24 24 24 
30 30 60 60 60 60 60 60 60 60 
32 32 64 64 64 64 64 64 64 64 
14 14 28 28 28 28 28 28 28 28 
14 14 28 28 28 28 28 28 28 28 
14 14 28 28 28 28 28 28 28 28 
30 30 60 60 60 60 60 60 60 60 
20 20 40 40 40 40 40 40 40 40 
16 16 32 32 32 32 32 32 32 32 
22 22 44 44 44 44 44 44 44 44 
16 16 32 32 32 32 32 32 32 32 
28 28 56 56 56 56 56 56 56 56 
16 16 32 32 32 32 32 32 32 32 
30 30 60 60 60 60 60 60 60 60 
16 16 32 32 32 32 32 32 32 32 
10 10 20 20 20 20 20 20 20 20 
28 28 56 56 56 56 56 56 56 56 
14 14 28 28 28 28 28 28 28 28 
22 22 44 44 44 44 44 44 44 44 
20 20 40 40 40 40 40 40 40 40 
99999 24 16 16 24 32 40 99999 99999 99999 
99999 30 20 20 30 40 50 99999 99999 99999 
99999 30 20 20 30 40 50 99999 99999 99999 
16 16 32 32 32 32 32 32 32 32 
10 10 20 20 20 20 20 20 20 20 
12 12 24 24 24 24 24 24 24 24 
30 30 60 60 60 60 60 60 60 60 
32 32 64 64 64 64 64 64 64 64 
14 14 28 28 28 28 28 28 28 28 
14 14 28 28 28 28 28 28 28 28 
14 14 28 28 28 28 28 28 28 28 
30 30 60 60 60 60 60 60 60 60 
20 20 40 40 40 40 40 40 40 40 
16 16 32 32 32 32 32 32 32 32 
22 22 44 44 44 44 44 44 44 44 
16 16 32 32 32 32 32 32 32 32 
28 28 56 56 56 56 56 56 56 56 
16 16 32 32 32 32 32 32 32 32 
30 30 60 60 60 60 60 60 60 60 
16 16 32 32 32 32 32 32 32 32 
10 10 20 20 20 20 20 20 20 20 
28 28 56 56 56 56 56 56 56 56 
14 14 28 28 28 28 28 28 28 28 
22 22 44 44 44 44 44 44 44 44 
20 20 40 40 40 40 40 40 40 40 
99999 24 16 16 24 32 40 99999 99999 99999 
99999 30 20 20 30 40 50 99999 99999 99999 
99999 30 20 20 30 40 50 99999 99999 99999 
16 16 32 32 32 32 32 32 32 32 
10 10 20 20 20 20 20 20 20 20 
12 12 24 24 24 24 24 24 24 24 
30 30 60 60 60 60 60 60 60 60 
32 32 64 64 64 64 64 64 64 64 
600 600 600 600 600 600 600 600 600 600
600 600 600 600 600 600 600 600 600 600 600 600 600 600 600 600 600 600 600 600 600 600 600 600 600 600 600 600 600 600 600 600 600 600 600 600 600 600 600 600 600 600 600 600 600 600 600 600 600 600 600 600 600 600 600 600 600 600 600 600 600 600 600 600 600 600 600 600 600 600 600 600 600 600 600 600 600 600 600 600