60
7
136 3 20 5 75 58 141 118 32 51 91 71 103 67 102 124 98 35 117 4 104 25 109 112 99 12 82 118 127 35 20 47 48 19 33 136 3 20 5 75 58 141 118 32 51 91 71 103 67 102 124 98 35 117 4 104 25 109 112 99 
14 14 14 14 14 14 14 
22 22 44 44 44 44 44 
12 12 24 24 24 24 24 
20 20 40 40 40 40 40 
20 20 40 40 40 40 40 
42 42 84 84 84 84 84 
28 28 56 56 56 56 56 
18 18 36 36 36 36 36 
20 20 40 40 40 40 40 
26 26 52 52 52 52 52 
18 18 36 36 36 36 36 
8 8 16 16 16 16 16 
14 14 28 28 28 28 28 
14 14 28 28 28 28 28 
26 26 52 52 52 52 52 
14 14 28 28 28 28 28 
24 24 48 48 48 48 48 
18 18 36 36 36 36 36 
32 32 64 64 64 64 64 
14 14 28 28 28 28 28 
30 30 60 60 60 60 60 
18 18 36 36 36 36 36 
26 26 52 52 52 52 52 
20 20 40 40 40 40 40 
18 18 36 36 36 36 36 
22 22 44 44 44 44 44 
42 42 84 84 84 84 84 
14 14 28 28 28 28 28 
14 14 28 28 28 28 28 
32 32 64 64 64 64 64 
24 24 48 48 48 48 48 
99999 54 36 36 54 72 90 
99999 30 20 20 30 40 50 
99999 21 14 14 21 28 35 
99999 30 20 20 30 40 50 
99999 24 16 16 24 32 40 
22 22 44 44 44 44 44 
12 12 24 24 24 24 24 
20 20 40 40 40 40 40 
20 20 40 40 40 40 40 
42 42 84 84 84 84 84 
28 28 56 56 56 56 56 
18 18 36 36 36 36 36 
20 20 40 40 40 40 40 
26 26 52 52 52 52 52 
18 18 36 36 36 36 36 
8 8 16 16 16 16 16 
14 14 28 28 28 28 28 
14 14 28 28 28 28 28 
26 26 52 52 52 52 52 
14 14 28 28 28 28 28 
24 24 48 48 48 48 48 
18 18 36 36 36 36 36 
32 32 64 64 64 64 64 
14 14 28 28 28 28 28 
30 30 60 60 60 60 60 
18 18 36 36 36 36 36 
26 26 52 52 52 52 52 
20 20 40 40 40 40 40 
18 18 36 36 36 36 36 
22 22 44 44 44 44 44 
600 600 600 600 600 600 600 600 600 600
600 600 600 600 600 600 600 600 600 600 600 600 600 600 600 600 600 600 600 600 600 600 600 600 600 600 600 600 600 600 600 600 600 600 600 600 600 600 600 600 600 600 600 600 600 600 600 600 600 600 600 600 600 600 600 600 600 600 600 600 600 600 600 600 600 600 600 600 600 600 600 600 600 600 600 600 600 600 600 600