60
7
130 49 129 89 55 122 72 140 6 90 66 68 115 10 18 92 82 38 55 18 5 120 5 94 117 143 101 141 93 59 127 20 13 79 5 130 49 129 89 55 122 72 140 6 90 66 68 115 10 18 92 82 38 55 18 5 120 5 94 117 
16 16 16 16 16 16 16 
20 20 40 40 40 40 40 
18 18 36 36 36 36 36 
12 12 24 24 24 24 24 
26 26 52 52 52 52 52 
26 26 52 52 52 52 52 
16 16 32 32 32 32 32 
30 30 60 60 60 60 60 
26 26 52 52 52 52 52 
6 6 12 12 12 12 12 
46 46 92 92 92 92 92 
14 14 28 28 28 28 28 
12 12 24 24 24 24 24 
18 18 36 36 36 36 36 
16 16 32 32 32 32 32 
14 14 28 28 28 28 28 
14 14 28 28 28 28 28 
42 42 84 84 84 84 84 
22 22 44 44 44 44 44 
28 28 56 56 56 56 56 
8 8 16 16 16 16 16 
14 14 28 28 28 28 28 
38 38 76 76 76 76 76 
20 20 40 40 40 40 40 
20 20 40 40 40 40 40 
14 14 28 28 28 28 28 
20 20 40 40 40 40 40 
20 20 40 40 40 40 40 
12 12 24 24 24 24 24 
24 24 48 48 48 48 48 
18 18 36 36 36 36 36 
99999 18 12 12 18 24 30 
99999 24 16 16 24 32 40 
99999 18 12 12 18 24 30 
99999 36 24 24 36 48 60 
99999 36 24 24 36 48 60 
20 20 40 40 40 40 40 
18 18 36 36 36 36 36 
12 12 24 24 24 24 24 
26 26 52 52 52 52 52 
26 26 52 52 52 52 52 
16 16 32 32 32 32 32 
30 30 60 60 60 60 60 
26 26 52 52 52 52 52 
6 6 12 12 12 12 12 
46 46 92 92 92 92 92 
14 14 28 28 28 28 28 
12 12 24 24 24 24 24 
18 18 36 36 36 36 36 
16 16 32 32 32 32 32 
14 14 28 28 28 28 28 
14 14 28 28 28 28 28 
42 42 84 84 84 84 84 
22 22 44 44 44 44 44 
28 28 56 56 56 56 56 
8 8 16 16 16 16 16 
14 14 28 28 28 28 28 
38 38 76 76 76 76 76 
20 20 40 40 40 40 40 
20 20 40 40 40 40 40 
14 14 28 28 28 28 28 
600 600 600 600 600 600 600 600 600 600
600 600 600 600 600 600 600 600 600 600 600 600 600 600 600 600 600 600 600 600 600 600 600 600 600 600 600 600 600 600 600 600 600 600 600 600 600 600 600 600 600 600 600 600 600 600 600 600 600 600 600 600 600 600 600 600 600 600 600 600 600 600 600 600 600 600 600 600 600 600 600 600 600 600 600 600 600 600 600 600