60
7
124 94 93 29 34 42 2 19 125 128 40 64 128 96 78 60 65 42 137 33 51 70 45 75 135 11 32 106 62 24 111 107 15 80 129 124 94 93 29 34 42 2 19 125 128 40 64 128 96 78 60 65 42 137 33 51 70 45 75 135 
12 12 12 12 12 12 12 
20 20 40 40 40 40 40 
24 24 48 48 48 48 48 
24 24 48 48 48 48 48 
6 6 12 12 12 12 12 
20 20 40 40 40 40 40 
28 28 56 56 56 56 56 
14 14 28 28 28 28 28 
38 38 76 76 76 76 76 
16 16 32 32 32 32 32 
22 22 44 44 44 44 44 
16 16 32 32 32 32 32 
42 42 84 84 84 84 84 
24 24 48 48 48 48 48 
46 46 92 92 92 92 92 
12 12 24 24 24 24 24 
24 24 48 48 48 48 48 
18 18 36 36 36 36 36 
16 16 32 32 32 32 32 
16 16 32 32 32 32 32 
14 14 28 28 28 28 28 
34 34 68 68 68 68 68 
10 10 20 20 20 20 20 
20 20 40 40 40 40 40 
24 24 48 48 48 48 48 
24 24 48 48 48 48 48 
8 8 16 16 16 16 16 
14 14 28 28 28 28 28 
12 12 24 24 24 24 24 
18 18 36 36 36 36 36 
16 16 32 32 32 32 32 
99999 30 20 20 30 40 50 
99999 24 16 16 24 32 40 
99999 24 16 16 24 32 40 
99999 24 16 16 24 32 40 
99999 30 20 20 30 40 50 
20 20 40 40 40 40 40 
24 24 48 48 48 48 48 
24 24 48 48 48 48 48 
6 6 12 12 12 12 12 
20 20 40 40 40 40 40 
28 28 56 56 56 56 56 
14 14 28 28 28 28 28 
38 38 76 76 76 76 76 
16 16 32 32 32 32 32 
22 22 44 44 44 44 44 
16 16 32 32 32 32 32 
42 42 84 84 84 84 84 
24 24 48 48 48 48 48 
46 46 92 92 92 92 92 
12 12 24 24 24 24 24 
24 24 48 48 48 48 48 
18 18 36 36 36 36 36 
16 16 32 32 32 32 32 
16 16 32 32 32 32 32 
14 14 28 28 28 28 28 
34 34 68 68 68 68 68 
10 10 20 20 20 20 20 
20 20 40 40 40 40 40 
24 24 48 48 48 48 48 
24 24 48 48 48 48 48 
600 600 600 600 600 600 600 600 600 600
600 600 600 600 600 600 600 600 600 600 600 600 600 600 600 600 600 600 600 600 600 600 600 600 600 600 600 600 600 600 600 600 600 600 600 600 600 600 600 600 600 600 600 600 600 600 600 600 600 600 600 600 600 600 600 600 600 600 600 600 600 600 600 600 600 600 600 600 600 600 600 600 600 600 600 600 600 600 600 600