60
7
67 124 110 108 85 26 32 106 117 32 103 1 97 24 86 86 119 95 34 33 79 96 119 35 111 109 143 32 103 70 5 20 21 91 99 67 124 110 108 85 26 32 106 117 32 103 1 97 24 86 86 119 95 34 33 79 96 119 35 111 
12 12 12 12 12 12 12 
12 12 24 24 24 24 24 
44 44 88 88 88 88 88 
28 28 56 56 56 56 56 
16 16 32 32 32 32 32 
8 8 16 16 16 16 16 
20 20 40 40 40 40 40 
26 26 52 52 52 52 52 
18 18 36 36 36 36 36 
12 12 24 24 24 24 24 
10 10 20 20 20 20 20 
42 42 84 84 84 84 84 
16 16 32 32 32 32 32 
6 6 12 12 12 12 12 
36 36 72 72 72 72 72 
14 14 28 28 28 28 28 
18 18 36 36 36 36 36 
26 26 52 52 52 52 52 
26 26 52 52 52 52 52 
8 8 16 16 16 16 16 
44 44 88 88 88 88 88 
22 22 44 44 44 44 44 
32 32 64 64 64 64 64 
22 22 44 44 44 44 44 
16 16 32 32 32 32 32 
12 12 24 24 24 24 24 
34 34 68 68 68 68 68 
18 18 36 36 36 36 36 
32 32 64 64 64 64 64 
18 18 36 36 36 36 36 
16 16 32 32 32 32 32 
99999 18 12 12 18 24 30 
99999 33 22 22 33 44 55 
99999 21 14 14 21 28 35 
99999 30 20 20 30 40 50 
99999 24 16 16 24 32 40 
12 12 24 24 24 24 24 
44 44 88 88 88 88 88 
28 28 56 56 56 56 56 
16 16 32 32 32 32 32 
8 8 16 16 16 16 16 
20 20 40 40 40 40 40 
26 26 52 52 52 52 52 
18 18 36 36 36 36 36 
12 12 24 24 24 24 24 
10 10 20 20 20 20 20 
42 42 84 84 84 84 84 
16 16 32 32 32 32 32 
6 6 12 12 12 12 12 
36 36 72 72 72 72 72 
14 14 28 28 28 28 28 
18 18 36 36 36 36 36 
26 26 52 52 52 52 52 
26 26 52 52 52 52 52 
8 8 16 16 16 16 16 
44 44 88 88 88 88 88 
22 22 44 44 44 44 44 
32 32 64 64 64 64 64 
22 22 44 44 44 44 44 
16 16 32 32 32 32 32 
12 12 24 24 24 24 24 
600 600 600 600 600 600 600 600 600 600
600 600 600 600 600 600 600 600 600 600 600 600 600 600 600 600 600 600 600 600 600 600 600 600 600 600 600 600 600 600 600 600 600 600 600 600 600 600 600 600 600 600 600 600 600 600 600 600 600 600 600 600 600 600 600 600 600 600 600 600 600 600 600 600 600 600 600 600 600 600 600 600 600 600 600 600 600 600 600 600