60
5
71 90 39 17 12 117 94 29 43 79 2 129 123 43 5 48 98 23 20 73 88 17 37 61 92 71 90 39 17 12 117 94 29 43 79 2 129 123 43 5 48 98 23 20 73 88 17 37 61 92 71 90 39 17 12 117 94 29 43 79 
12 12 12 12 12 
20 20 40 40 40 
44 44 88 88 88 
22 22 44 44 44 
14 14 28 28 28 
12 12 24 24 24 
30 30 60 60 60 
28 28 56 56 56 
6 6 12 12 12 
26 26 52 52 52 
22 22 44 44 44 
20 20 40 40 40 
16 16 32 32 32 
26 26 52 52 52 
14 14 28 28 28 
18 18 36 36 36 
34 34 68 68 68 
28 28 56 56 56 
16 16 32 32 32 
12 12 24 24 24 
20 20 40 40 40 
18 18 36 36 36 
8 8 16 16 16 
99999 18 12 12 18 
99999 30 20 20 30 
99999 24 16 16 24 
20 20 40 40 40 
44 44 88 88 88 
22 22 44 44 44 
14 14 28 28 28 
12 12 24 24 24 
30 30 60 60 60 
28 28 56 56 56 
6 6 12 12 12 
26 26 52 52 52 
22 22 44 44 44 
20 20 40 40 40 
16 16 32 32 32 
26 26 52 52 52 
14 14 28 28 28 
18 18 36 36 36 
34 34 68 68 68 
28 28 56 56 56 
16 16 32 32 32 
12 12 24 24 24 
20 20 40 40 40 
18 18 36 36 36 
8 8 16 16 16 
99999 18 12 12 18 
99999 30 20 20 30 
99999 24 16 16 24 
20 20 40 40 40 
44 44 88 88 88 
22 22 44 44 44 
14 14 28 28 28 
12 12 24 24 24 
30 30 60 60 60 
28 28 56 56 56 
6 6 12 12 12 
26 26 52 52 52 
22 22 44 44 44 
600 600 600 600 600 
600 600 600 600 600 600 600 600 600 600 600 600 600 600 600 600 600 600 600 600 600 600 600 600 600 600 600 600 600 600 600 600 600 600 600 600 600 600 600 600 600 600 600 600 600 600 600 600 600 600 600 600 600 600 600 600 600 600 600 600 