60
5
37 81 55 50 30 19 136 107 53 15 42 105 108 142 102 21 48 28 56 131 38 96 125 113 120 37 81 55 50 30 19 136 107 53 15 42 105 108 142 102 21 48 28 56 131 38 96 125 113 120 37 81 55 50 30 19 136 107 53 15 
25 25 25 25 25 
14 14 28 28 28 
12 12 24 24 24 
18 18 36 36 36 
20 20 40 40 40 
18 18 36 36 36 
40 40 80 80 80 
28 28 56 56 56 
14 14 28 28 28 
42 42 84 84 84 
30 30 60 60 60 
14 14 28 28 28 
20 20 40 40 40 
16 16 32 32 32 
18 18 36 36 36 
32 32 64 64 64 
16 16 32 32 32 
18 18 36 36 36 
20 20 40 40 40 
40 40 80 80 80 
32 32 64 64 64 
22 22 44 44 44 
32 32 64 64 64 
99999 27 18 18 27 
99999 36 24 24 36 
99999 24 16 16 24 
14 14 28 28 28 
12 12 24 24 24 
18 18 36 36 36 
20 20 40 40 40 
18 18 36 36 36 
40 40 80 80 80 
28 28 56 56 56 
14 14 28 28 28 
42 42 84 84 84 
30 30 60 60 60 
14 14 28 28 28 
20 20 40 40 40 
16 16 32 32 32 
18 18 36 36 36 
32 32 64 64 64 
16 16 32 32 32 
18 18 36 36 36 
20 20 40 40 40 
40 40 80 80 80 
32 32 64 64 64 
22 22 44 44 44 
32 32 64 64 64 
99999 27 18 18 27 
99999 36 24 24 36 
99999 24 16 16 24 
14 14 28 28 28 
12 12 24 24 24 
18 18 36 36 36 
20 20 40 40 40 
18 18 36 36 36 
40 40 80 80 80 
28 28 56 56 56 
14 14 28 28 28 
42 42 84 84 84 
30 30 60 60 60 
600 600 600 600 600 
600 600 600 600 600 600 600 600 600 600 600 600 600 600 600 600 600 600 600 600 600 600 600 600 600 600 600 600 600 600 600 600 600 600 600 600 600 600 600 600 600 600 600 600 600 600 600 600 600 600 600 600 600 600 600 600 600 600 600 600 