60
7
25 13 4 117 87 41 121 120 83 12 71 119 38 54 131 130 134 132 3 99 110 64 82 64 2 67 7 19 141 84 39 137 24 86 42 25 13 4 117 87 41 121 120 83 12 71 119 38 54 131 130 134 132 3 99 110 64 82 64 2 
13 13 13 13 13 13 13 
36 36 72 72 72 72 72 
42 42 84 84 84 84 84 
28 28 56 56 56 56 56 
14 14 28 28 28 28 28 
22 22 44 44 44 44 44 
10 10 20 20 20 20 20 
20 20 40 40 40 40 40 
28 28 56 56 56 56 56 
44 44 88 88 88 88 88 
18 18 36 36 36 36 36 
12 12 24 24 24 24 24 
14 14 28 28 28 28 28 
28 28 56 56 56 56 56 
16 16 32 32 32 32 32 
10 10 20 20 20 20 20 
18 18 36 36 36 36 36 
18 18 36 36 36 36 36 
24 24 48 48 48 48 48 
16 16 32 32 32 32 32 
24 24 48 48 48 48 48 
12 12 24 24 24 24 24 
28 28 56 56 56 56 56 
18 18 36 36 36 36 36 
12 12 24 24 24 24 24 
22 22 44 44 44 44 44 
20 20 40 40 40 40 40 
6 6 12 12 12 12 12 
22 22 44 44 44 44 44 
18 18 36 36 36 36 36 
40 40 80 80 80 80 80 
99999 30 20 20 30 40 50 
99999 24 16 16 24 32 40 
99999 27 18 18 27 36 45 
99999 27 18 18 27 36 45 
99999 27 18 18 27 36 45 
36 36 72 72 72 72 72 
42 42 84 84 84 84 84 
28 28 56 56 56 56 56 
14 14 28 28 28 28 28 
22 22 44 44 44 44 44 
10 10 20 20 20 20 20 
20 20 40 40 40 40 40 
28 28 56 56 56 56 56 
44 44 88 88 88 88 88 
18 18 36 36 36 36 36 
12 12 24 24 24 24 24 
14 14 28 28 28 28 28 
28 28 56 56 56 56 56 
16 16 32 32 32 32 32 
10 10 20 20 20 20 20 
18 18 36 36 36 36 36 
18 18 36 36 36 36 36 
24 24 48 48 48 48 48 
16 16 32 32 32 32 32 
24 24 48 48 48 48 48 
12 12 24 24 24 24 24 
28 28 56 56 56 56 56 
18 18 36 36 36 36 36 
12 12 24 24 24 24 24 
22 22 44 44 44 44 44 
600 600 600 600 600 600 600 600 600 600
600 600 600 600 600 600 600 600 600 600 600 600 600 600 600 600 600 600 600 600 600 600 600 600 600 600 600 600 600 600 600 600 600 600 600 600 600 600 600 600 600 600 600 600 600 600 600 600 600 600 600 600 600 600 600 600 600 600 600 600 600 600 600 600 600 600 600 600 600 600 600 600 600 600 600 600 600 600 600 600