60
7
88 81 23 98 57 137 17 10 117 70 34 42 56 40 5 10 109 66 55 121 34 62 142 108 101 86 47 38 23 104 15 51 28 88 13 88 81 23 98 57 137 17 10 117 70 34 42 56 40 5 10 109 66 55 121 34 62 142 108 101 
15 15 15 15 15 15 15 
16 16 32 32 32 32 32 
18 18 36 36 36 36 36 
14 14 28 28 28 28 28 
22 22 44 44 44 44 44 
16 16 32 32 32 32 32 
30 30 60 60 60 60 60 
22 22 44 44 44 44 44 
12 12 24 24 24 24 24 
34 34 68 68 68 68 68 
16 16 32 32 32 32 32 
18 18 36 36 36 36 36 
6 6 12 12 12 12 12 
14 14 28 28 28 28 28 
30 30 60 60 60 60 60 
8 8 16 16 16 16 16 
22 22 44 44 44 44 44 
26 26 52 52 52 52 52 
28 28 56 56 56 56 56 
22 22 44 44 44 44 44 
20 20 40 40 40 40 40 
14 14 28 28 28 28 28 
6 6 12 12 12 12 12 
18 18 36 36 36 36 36 
14 14 28 28 28 28 28 
34 34 68 68 68 68 68 
16 16 32 32 32 32 32 
22 22 44 44 44 44 44 
14 14 28 28 28 28 28 
12 12 24 24 24 24 24 
28 28 56 56 56 56 56 
99999 30 20 20 30 40 50 
99999 24 16 16 24 32 40 
99999 36 24 24 36 48 60 
99999 30 20 20 30 40 50 
99999 18 12 12 18 24 30 
16 16 32 32 32 32 32 
18 18 36 36 36 36 36 
14 14 28 28 28 28 28 
22 22 44 44 44 44 44 
16 16 32 32 32 32 32 
30 30 60 60 60 60 60 
22 22 44 44 44 44 44 
12 12 24 24 24 24 24 
34 34 68 68 68 68 68 
16 16 32 32 32 32 32 
18 18 36 36 36 36 36 
6 6 12 12 12 12 12 
14 14 28 28 28 28 28 
30 30 60 60 60 60 60 
8 8 16 16 16 16 16 
22 22 44 44 44 44 44 
26 26 52 52 52 52 52 
28 28 56 56 56 56 56 
22 22 44 44 44 44 44 
20 20 40 40 40 40 40 
14 14 28 28 28 28 28 
6 6 12 12 12 12 12 
18 18 36 36 36 36 36 
14 14 28 28 28 28 28 
34 34 68 68 68 68 68 
600 600 600 600 600 600 600 600 600 600
600 600 600 600 600 600 600 600 600 600 600 600 600 600 600 600 600 600 600 600 600 600 600 600 600 600 600 600 600 600 600 600 600 600 600 600 600 600 600 600 600 600 600 600 600 600 600 600 600 600 600 600 600 600 600 600 600 600 600 600 600 600 600 600 600 600 600 600 600 600 600 600 600 600 600 600 600 600 600 600