60
5
25 28 127 73 103 117 118 71 85 51 115 73 69 85 96 122 29 77 10 7 28 23 52 85 119 25 28 127 73 103 117 118 71 85 51 115 73 69 85 96 122 29 77 10 7 28 23 52 85 119 25 28 127 73 103 117 118 71 85 51 
16 16 16 16 16 
14 14 28 28 28 
24 24 48 48 48 
20 20 40 40 40 
10 10 20 20 20 
10 10 20 20 20 
20 20 40 40 40 
20 20 40 40 40 
12 12 24 24 24 
10 10 20 20 20 
32 32 64 64 64 
26 26 52 52 52 
10 10 20 20 20 
22 22 44 44 44 
30 30 60 60 60 
18 18 36 36 36 
14 14 28 28 28 
32 32 64 64 64 
8 8 16 16 16 
14 14 28 28 28 
12 12 24 24 24 
14 14 28 28 28 
16 16 32 32 32 
99999 21 14 14 21 
99999 30 20 20 30 
99999 30 20 20 30 
14 14 28 28 28 
24 24 48 48 48 
20 20 40 40 40 
10 10 20 20 20 
10 10 20 20 20 
20 20 40 40 40 
20 20 40 40 40 
12 12 24 24 24 
10 10 20 20 20 
32 32 64 64 64 
26 26 52 52 52 
10 10 20 20 20 
22 22 44 44 44 
30 30 60 60 60 
18 18 36 36 36 
14 14 28 28 28 
32 32 64 64 64 
8 8 16 16 16 
14 14 28 28 28 
12 12 24 24 24 
14 14 28 28 28 
16 16 32 32 32 
99999 21 14 14 21 
99999 30 20 20 30 
99999 30 20 20 30 
14 14 28 28 28 
24 24 48 48 48 
20 20 40 40 40 
10 10 20 20 20 
10 10 20 20 20 
20 20 40 40 40 
20 20 40 40 40 
12 12 24 24 24 
10 10 20 20 20 
32 32 64 64 64 
600 600 600 600 600 
600 600 600 600 600 600 600 600 600 600 600 600 600 600 600 600 600 600 600 600 600 600 600 600 600 600 600 600 600 600 600 600 600 600 600 600 600 600 600 600 600 600 600 600 600 600 600 600 600 600 600 600 600 600 600 600 600 600 600 600 