60
7
4 55 92 126 115 74 136 72 83 119 141 78 79 38 126 44 132 27 97 118 14 124 28 6 62 106 22 103 41 19 32 48 6 75 63 4 55 92 126 115 74 136 72 83 119 141 78 79 38 126 44 132 27 97 118 14 124 28 6 62 
14 14 14 14 14 14 14 
22 22 44 44 44 44 44 
20 20 40 40 40 40 40 
18 18 36 36 36 36 36 
44 44 88 88 88 88 88 
16 16 32 32 32 32 32 
26 26 52 52 52 52 52 
22 22 44 44 44 44 44 
12 12 24 24 24 24 24 
14 14 28 28 28 28 28 
14 14 28 28 28 28 28 
24 24 48 48 48 48 48 
20 20 40 40 40 40 40 
24 24 48 48 48 48 48 
18 18 36 36 36 36 36 
14 14 28 28 28 28 28 
24 24 48 48 48 48 48 
16 16 32 32 32 32 32 
18 18 36 36 36 36 36 
14 14 28 28 28 28 28 
18 18 36 36 36 36 36 
44 44 88 88 88 88 88 
18 18 36 36 36 36 36 
22 22 44 44 44 44 44 
16 16 32 32 32 32 32 
22 22 44 44 44 44 44 
32 32 64 64 64 64 64 
16 16 32 32 32 32 32 
10 10 20 20 20 20 20 
18 18 36 36 36 36 36 
24 24 48 48 48 48 48 
99999 21 14 14 21 28 35 
99999 21 14 14 21 28 35 
99999 24 16 16 24 32 40 
99999 33 22 22 33 44 55 
99999 33 22 22 33 44 55 
22 22 44 44 44 44 44 
20 20 40 40 40 40 40 
18 18 36 36 36 36 36 
44 44 88 88 88 88 88 
16 16 32 32 32 32 32 
26 26 52 52 52 52 52 
22 22 44 44 44 44 44 
12 12 24 24 24 24 24 
14 14 28 28 28 28 28 
14 14 28 28 28 28 28 
24 24 48 48 48 48 48 
20 20 40 40 40 40 40 
24 24 48 48 48 48 48 
18 18 36 36 36 36 36 
14 14 28 28 28 28 28 
24 24 48 48 48 48 48 
16 16 32 32 32 32 32 
18 18 36 36 36 36 36 
14 14 28 28 28 28 28 
18 18 36 36 36 36 36 
44 44 88 88 88 88 88 
18 18 36 36 36 36 36 
22 22 44 44 44 44 44 
16 16 32 32 32 32 32 
22 22 44 44 44 44 44 
600 600 600 600 600 600 600 600 600 600
600 600 600 600 600 600 600 600 600 600 600 600 600 600 600 600 600 600 600 600 600 600 600 600 600 600 600 600 600 600 600 600 600 600 600 600 600 600 600 600 600 600 600 600 600 600 600 600 600 600 600 600 600 600 600 600 600 600 600 600 600 600 600 600 600 600 600 600 600 600 600 600 600 600 600 600 600 600 600 600